article_id,compound,neg,neu,pos
1,0.9081,0.078,0.764,0.157
2,0.986,0.033,0.81,0.157
3,0.9985,0.108,0.749,0.144
4,-0.9524,0.143,0.784,0.073
5,-0.0771,0.113,0.779,0.107
7,0.9886,0.107,0.679,0.214
8,0.9895,0.098,0.666,0.235
9,0.9716,0.0,0.839,0.161
10,-0.6808,0.111,0.815,0.074
11,-0.8625,0.144,0.783,0.073
12,0.9552,0.02,0.761,0.218
14,0.8677,0.076,0.805,0.12
15,-0.2023,0.074,0.88,0.046
16,-0.988,0.263,0.708,0.028
17,-0.8217,0.094,0.811,0.095
20,0.6249,0.132,0.716,0.152
23,-0.4404,0.324,0.552,0.124
24,0.9959,0.017,0.777,0.205
25,-0.296,0.136,0.744,0.12
27,0.4019,0.029,0.933,0.038
28,-0.9587,0.143,0.784,0.073
30,-0.6908,0.082,0.87,0.047
32,0.9766,0.131,0.7,0.169
33,-0.967,0.155,0.776,0.069
34,-0.9042,0.143,0.82,0.037
35,0.9657,0.049,0.718,0.233
36,0.872,0.027,0.87,0.103
37,-0.1511,0.044,0.956,0.0
40,-0.9887,0.197,0.664,0.139
41,-0.8807,0.169,0.831,0.0
42,0.9888,0.116,0.675,0.209
43,-0.1027,0.101,0.805,0.094
44,0.9952,0.024,0.761,0.215
47,0.9639,0.099,0.754,0.148
48,0.2023,0.0,0.987,0.013
49,0.0258,0.098,0.8,0.102
52,0.9552,0.034,0.839,0.127
53,0.9952,0.024,0.783,0.193
54,0.8625,0.099,0.778,0.124
56,-0.9434,0.151,0.765,0.084
57,0.9859,0.023,0.788,0.189
58,0.7837,0.107,0.781,0.112
59,0.998,0.015,0.78,0.205
60,-0.1779,0.078,0.862,0.06
61,-0.7914,0.06,0.912,0.028
62,-0.9861,0.187,0.728,0.085
63,-0.9393,0.262,0.688,0.05
64,0.9595,0.103,0.749,0.148
65,-0.967,0.32,0.663,0.017
66,-0.4588,0.168,0.705,0.127
67,0.9907,0.016,0.822,0.162
68,-0.1779,0.076,0.852,0.072
71,0.9786,0.051,0.835,0.114
75,-0.7655,0.154,0.784,0.062
78,0.9954,0.073,0.701,0.226
80,0.9657,0.025,0.875,0.101
81,0.9784,0.045,0.853,0.102
84,0.9895,0.0,0.752,0.248
86,0.9776,0.006,0.878,0.116
89,0.9764,0.071,0.826,0.104
91,0.9902,0.096,0.74,0.164
93,-0.9982,0.129,0.834,0.037
95,0.9823,0.052,0.728,0.22
97,-0.6258,0.285,0.632,0.083
98,0.7506,0.043,0.745,0.213
100,0.9879,0.119,0.646,0.235
101,0.91,0.0,0.829,0.171
102,0.9856,0.052,0.786,0.161
103,-0.9759,0.177,0.733,0.09
104,-0.2471,0.105,0.785,0.11
105,-0.5423,0.107,0.797,0.096
106,-0.8999,0.132,0.775,0.093
107,0.8741,0.112,0.757,0.13
108,0.4939,0.134,0.709,0.156
110,0.6705,0.124,0.746,0.13
111,0.9896,0.035,0.789,0.177
112,0.9738,0.0,0.855,0.145
113,0.8271,0.11,0.753,0.137
114,0.7281,0.08,0.823,0.097
115,0.994,0.124,0.697,0.18
118,0.9897,0.01,0.777,0.213
120,0.9814,0.021,0.82,0.16
121,0.9712,0.046,0.804,0.15
122,-0.4404,0.048,0.952,0.0
123,0.9534,0.012,0.833,0.155
124,0.9442,0.01,0.898,0.092
125,-0.5106,0.097,0.814,0.089
128,0.9022,0.009,0.886,0.105
129,0.9967,0.016,0.887,0.097
130,-0.9877,0.143,0.773,0.084
131,0.9413,0.01,0.862,0.128
132,0.3182,0.056,0.837,0.108
134,0.9122,0.0,0.688,0.312
135,0.9607,0.036,0.817,0.148
136,0.6487,0.069,0.842,0.089
137,0.9874,0.039,0.825,0.136
138,0.968,0.05,0.858,0.093
139,0.9674,0.053,0.809,0.138
140,-0.5267,0.086,0.879,0.036
142,0.5859,0.073,0.799,0.128
143,0.946,0.028,0.845,0.127
145,0.886,0.161,0.584,0.254
146,0.743,0.0,0.919,0.081
147,-0.9583,0.182,0.731,0.087
148,-0.9635,0.285,0.674,0.041
149,0.9866,0.034,0.814,0.153
150,0.9766,0.024,0.847,0.129
151,-0.3182,0.152,0.684,0.164
152,-0.7003,0.112,0.793,0.094
154,0.9338,0.127,0.712,0.161
156,0.9794,0.031,0.835,0.134
158,0.9899,0.0,0.869,0.131
159,0.5719,0.047,0.885,0.067
160,-0.5719,0.084,0.884,0.032
164,0.9186,0.047,0.721,0.233
165,-0.8653,0.112,0.817,0.071
166,-0.8658,0.285,0.682,0.033
167,0.0,0.0,1.0,0.0
168,0.9686,0.039,0.806,0.155
169,0.9826,0.035,0.774,0.191
171,0.9926,0.063,0.815,0.122
172,-0.4588,0.08,0.845,0.074
173,0.9979,0.021,0.776,0.202
176,0.9854,0.01,0.816,0.174
178,0.0772,0.037,0.922,0.041
180,0.9231,0.0,0.832,0.168
181,-0.9468,0.155,0.717,0.129
182,0.7972,0.054,0.81,0.137
183,0.539,0.088,0.811,0.101
185,-0.9941,0.26,0.69,0.049
187,0.3008,0.08,0.834,0.086
189,0.5719,0.071,0.823,0.105
190,0.9999,0.02,0.762,0.218
191,0.2023,0.094,0.797,0.108
192,0.9595,0.027,0.829,0.145
193,-0.9337,0.106,0.82,0.075
197,-0.1263,0.09,0.819,0.091
198,-0.891,0.091,0.844,0.065
199,-0.6808,0.113,0.887,0.0
200,-0.9477,0.128,0.862,0.01
201,0.9965,0.055,0.708,0.237
204,-0.5574,0.14,0.805,0.054
205,-0.8481,0.169,0.745,0.086
206,0.9786,0.038,0.858,0.105
210,-0.7579,0.082,0.865,0.054
211,0.9501,0.032,0.85,0.118
212,0.9526,0.109,0.641,0.25
213,0.8957,0.111,0.712,0.177
214,0.9882,0.081,0.757,0.162
215,0.9201,0.046,0.851,0.103
216,0.9274,0.0,0.733,0.267
219,-0.8591,0.232,0.768,0.0
220,0.9855,0.027,0.748,0.225
221,0.9913,0.083,0.757,0.16
222,0.9974,0.044,0.78,0.176
223,-0.8807,0.196,0.769,0.034
224,-0.0026,0.126,0.732,0.142
225,-0.8627,0.156,0.786,0.058
226,-0.5423,0.457,0.347,0.197
227,0.5574,0.021,0.935,0.044
228,0.91,0.0,0.829,0.171
229,-0.922,0.142,0.786,0.072
230,-0.9792,0.2,0.712,0.088
232,0.9712,0.066,0.785,0.149
233,0.9844,0.029,0.779,0.192
234,0.5994,0.101,0.786,0.113
237,-0.4215,0.089,0.812,0.1
240,0.9136,0.0,0.722,0.278
242,-0.9547,0.155,0.743,0.102
243,0.9274,0.017,0.825,0.159
244,-0.9903,0.212,0.707,0.081
247,0.9728,0.108,0.708,0.184
248,-0.9313,0.145,0.855,0.0
249,0.9349,0.033,0.863,0.104
250,0.3182,0.0,0.796,0.204
253,0.9908,0.055,0.726,0.219
255,0.9274,0.07,0.824,0.106
256,0.924,0.102,0.698,0.201
257,-0.9751,0.169,0.758,0.073
258,-0.8396,0.105,0.835,0.06
259,0.9081,0.018,0.857,0.125
260,-0.9407,0.096,0.845,0.059
261,0.7351,0.0,0.95,0.05
262,-0.7964,0.216,0.697,0.087
263,0.6544,0.071,0.828,0.1
264,-0.0516,0.117,0.762,0.12
266,0.7003,0.028,0.859,0.113
267,0.9583,0.108,0.653,0.239
269,0.9713,0.082,0.796,0.122
270,-0.9898,0.277,0.664,0.059
271,-0.9933,0.184,0.727,0.089
273,0.9986,0.013,0.783,0.205
274,0.9797,0.099,0.707,0.194
275,0.7215,0.093,0.799,0.108
278,0.9916,0.076,0.77,0.154
279,0.0,0.0,1.0,0.0
280,-0.9682,0.171,0.745,0.084
282,0.9442,0.01,0.898,0.092
285,0.9469,0.039,0.76,0.201
287,0.9499,0.081,0.781,0.138
288,-0.4767,0.104,0.858,0.038
289,0.9982,0.019,0.76,0.221
290,-0.0258,0.06,0.903,0.037
291,0.9974,0.0,0.749,0.251
292,-0.9674,0.159,0.754,0.087
293,0.9907,0.083,0.741,0.175
294,0.9531,0.097,0.712,0.191
295,0.9805,0.039,0.767,0.193
297,-0.9264,0.15,0.733,0.117
298,0.9994,0.09,0.712,0.197
301,0.9798,0.012,0.743,0.245
302,-0.128,0.055,0.896,0.049
303,0.6249,0.061,0.871,0.068
304,0.9493,0.021,0.685,0.294
305,0.9887,0.066,0.798,0.136
307,0.9961,0.029,0.822,0.149
308,0.968,0.057,0.723,0.221
309,-0.9951,0.246,0.705,0.049
310,0.9274,0.025,0.741,0.235
311,0.959,0.055,0.772,0.174
312,-0.2732,0.147,0.737,0.116
314,0.9844,0.029,0.779,0.192
315,0.8834,0.034,0.844,0.123
318,0.9959,0.085,0.736,0.179
319,-0.9259,0.153,0.74,0.107
320,0.9118,0.067,0.731,0.202
321,0.9689,0.021,0.907,0.072
322,0.8779,0.113,0.702,0.185
323,0.3818,0.058,0.848,0.094
325,0.6908,0.14,0.666,0.194
326,-0.9662,0.092,0.869,0.04
327,0.7906,0.029,0.886,0.085
328,0.9925,0.016,0.75,0.234
330,0.3966,0.151,0.687,0.161
331,-0.4767,0.107,0.864,0.029
332,-0.1027,0.088,0.84,0.072
333,-0.3612,0.102,0.779,0.119
334,0.8225,0.0,0.88,0.12
336,0.9779,0.0,0.815,0.185
337,0.9932,0.08,0.696,0.224
339,0.9011,0.113,0.757,0.13
340,-0.8653,0.112,0.817,0.071
341,0.9732,0.046,0.803,0.151
342,0.9937,0.032,0.77,0.198
343,0.9972,0.051,0.774,0.175
344,0.8957,0.087,0.775,0.137
345,0.8957,0.015,0.897,0.087
347,-0.5719,0.041,0.934,0.025
348,0.857,0.076,0.805,0.119
349,-0.7096,0.101,0.827,0.072
350,-0.891,0.153,0.829,0.018
351,0.6486,0.042,0.797,0.161
352,0.4201,0.16,0.662,0.178
353,-0.9393,0.13,0.773,0.097
354,0.9806,0.071,0.695,0.235
355,0.9325,0.079,0.804,0.117
356,0.6478,0.0,0.813,0.187
357,-0.0772,0.072,0.862,0.066
358,0.2732,0.0,0.928,0.072
359,0.9957,0.064,0.72,0.216
361,0.4939,0.0,0.856,0.144
363,0.8965,0.063,0.732,0.205
364,0.1531,0.071,0.839,0.09
366,0.6705,0.0,0.686,0.314
368,0.9774,0.061,0.78,0.16
369,0.994,0.06,0.702,0.238
370,0.6486,0.118,0.758,0.124
371,0.9922,0.071,0.786,0.143
372,0.0,0.0,1.0,0.0
374,-0.8938,0.084,0.842,0.075
376,0.9712,0.066,0.785,0.149
380,0.9529,0.065,0.811,0.124
381,0.9337,0.054,0.842,0.104
382,-0.0772,0.073,0.848,0.079
383,-0.7355,0.114,0.791,0.095
384,0.9625,0.108,0.734,0.158
385,0.9971,0.055,0.766,0.178
386,-0.9823,0.159,0.747,0.094
387,-0.9747,0.153,0.745,0.103
389,0.9952,0.017,0.784,0.199
390,-0.5423,0.106,0.792,0.102
391,-0.984,0.152,0.764,0.084
392,-0.8759,0.054,0.906,0.04
395,-0.9859,0.167,0.722,0.111
396,0.0516,0.114,0.779,0.106
398,0.9978,0.018,0.862,0.12
399,0.91,0.069,0.79,0.141
400,-0.9767,0.185,0.702,0.113
401,0.975,0.009,0.874,0.117
402,0.9945,0.007,0.797,0.195
404,0.891,0.053,0.789,0.158
405,-0.9955,0.195,0.708,0.097
406,-0.891,0.153,0.829,0.018
407,0.8885,0.0,0.854,0.146
408,0.9909,0.097,0.727,0.176
410,0.9413,0.066,0.8,0.134
414,0.9995,0.095,0.748,0.158
415,-0.8754,0.189,0.675,0.136
416,0.7269,0.0,0.935,0.065
417,0.8402,0.04,0.842,0.118
418,-0.8938,0.08,0.847,0.072
419,0.9447,0.063,0.797,0.14
422,0.7579,0.09,0.747,0.163
423,0.1531,0.044,0.889,0.067
424,0.6908,0.085,0.795,0.12
425,0.8211,0.118,0.753,0.129
426,-0.9846,0.119,0.821,0.061
427,0.9302,0.071,0.603,0.326
428,-0.9325,0.137,0.753,0.11
429,0.9337,0.054,0.842,0.104
430,0.9851,0.022,0.842,0.136
433,0.6369,0.0,0.93,0.07
437,0.8807,0.053,0.838,0.109
438,-0.9756,0.147,0.751,0.102
439,0.9833,0.047,0.742,0.211
440,-0.9429,0.069,0.919,0.012
441,-0.2263,0.109,0.801,0.09
442,0.9892,0.078,0.797,0.125
444,-0.9719,0.229,0.609,0.162
445,0.886,0.067,0.754,0.179
446,-0.34,0.079,0.921,0.0
447,0.8481,0.0,0.765,0.235
449,0.7003,0.0,0.88,0.12
450,0.9875,0.022,0.784,0.194
451,0.9612,0.056,0.835,0.109
452,0.9435,0.096,0.748,0.156
453,0.7506,0.103,0.731,0.166
454,0.9735,0.039,0.797,0.165
456,-0.296,0.178,0.769,0.053
457,0.3612,0.058,0.828,0.114
458,0.8658,0.031,0.875,0.094
460,0.9442,0.075,0.808,0.117
461,0.6597,0.066,0.79,0.144
462,0.6597,0.058,0.842,0.1
463,0.4588,0.02,0.922,0.058
464,0.9516,0.093,0.767,0.14
465,-0.9649,0.159,0.753,0.089
466,-0.9714,0.111,0.836,0.052
468,-0.9118,0.179,0.739,0.082
470,0.9337,0.085,0.752,0.162
471,0.0,0.0,1.0,0.0
473,0.3818,0.103,0.777,0.12
475,0.9917,0.045,0.749,0.207
476,0.7096,0.023,0.905,0.072
477,-0.3612,0.102,0.779,0.119
478,-0.4767,0.104,0.858,0.038
479,0.9944,0.05,0.769,0.182
480,0.0,0.0,1.0,0.0
481,0.872,0.061,0.854,0.084
482,0.9984,0.039,0.768,0.193
485,-0.9569,0.085,0.845,0.07
486,0.9186,0.073,0.797,0.13
487,0.8625,0.017,0.915,0.068
488,-0.9682,0.166,0.721,0.113
489,-0.4019,0.103,0.809,0.087
490,-0.9963,0.188,0.67,0.143
491,-0.7184,0.11,0.816,0.074
492,0.0,0.0,1.0,0.0
493,0.9853,0.018,0.742,0.24
494,0.3612,0.021,0.933,0.046
495,0.8658,0.052,0.845,0.103
497,0.7351,0.062,0.784,0.154
498,0.9903,0.0,0.595,0.405
499,-0.9432,0.164,0.765,0.071
500,0.0,0.0,1.0,0.0
501,0.9167,0.049,0.787,0.164
502,-0.9881,0.173,0.752,0.075
503,-0.9831,0.108,0.855,0.037
504,0.4588,0.0,0.727,0.273
505,0.8243,0.117,0.73,0.152
506,0.8779,0.113,0.728,0.159
507,0.0,0.0,1.0,0.0
508,0.6808,0.114,0.706,0.18
509,-0.9337,0.207,0.723,0.07
510,0.9995,0.031,0.833,0.136
512,0.8666,0.071,0.806,0.123
513,0.9805,0.0,0.82,0.18
514,0.6808,0.076,0.647,0.277
515,0.5423,0.015,0.924,0.06
516,0.8074,0.099,0.765,0.136
520,0.4019,0.0,0.828,0.172
521,0.9876,0.054,0.825,0.121
522,0.8674,0.108,0.765,0.127
524,0.2263,0.056,0.881,0.064
526,-0.9807,0.095,0.863,0.042
527,0.0,0.0,1.0,0.0
528,0.959,0.057,0.812,0.131
529,-0.9414,0.11,0.818,0.072
530,-0.4588,0.094,0.835,0.071
533,0.9803,0.059,0.835,0.106
534,0.7964,0.125,0.723,0.152
536,0.5574,0.0,0.863,0.137
537,0.6597,0.15,0.685,0.165
538,0.9727,0.023,0.695,0.282
540,-0.6419,0.058,0.896,0.046
541,-0.8779,0.171,0.72,0.109
542,-0.6527,0.102,0.801,0.097
543,0.9163,0.0,0.848,0.152
544,0.9349,0.063,0.771,0.166
546,0.9607,0.028,0.894,0.077
547,-0.9849,0.176,0.76,0.064
548,0.9823,0.017,0.872,0.111
550,0.9907,0.015,0.78,0.205
551,-0.9982,0.129,0.834,0.037
555,0.9854,0.013,0.758,0.229
557,-0.4767,0.115,0.811,0.075
558,-0.2023,0.073,0.868,0.059
559,0.8271,0.043,0.862,0.096
560,-0.9926,0.229,0.745,0.026
561,-0.2732,0.095,0.821,0.084
562,0.9493,0.041,0.824,0.135
563,0.9578,0.007,0.894,0.099
564,0.2023,0.0,0.962,0.038
566,-0.4588,0.095,0.832,0.074
567,0.987,0.032,0.778,0.19
568,-0.9142,0.093,0.852,0.055
569,0.9926,0.035,0.771,0.194
571,-0.9872,0.143,0.817,0.04
572,0.6124,0.0,0.881,0.119
573,0.4404,0.0,0.707,0.293
574,0.0,0.0,1.0,0.0
575,0.9993,0.011,0.646,0.343
576,0.9638,0.059,0.806,0.135
577,0.9695,0.103,0.749,0.148
578,-0.9843,0.175,0.764,0.062
580,0.9638,0.053,0.744,0.202
581,0.9626,0.121,0.719,0.159
582,0.9961,0.095,0.729,0.176
583,0.981,0.018,0.828,0.154
584,0.7579,0.1,0.763,0.136
585,0.9685,0.031,0.848,0.122
586,0.9871,0.035,0.791,0.174
587,0.9927,0.041,0.744,0.215
588,0.9318,0.037,0.668,0.295
589,0.9618,0.0,0.819,0.181
590,0.9844,0.083,0.776,0.141
591,0.4215,0.044,0.902,0.054
593,0.9705,0.048,0.828,0.124
594,0.9928,0.056,0.615,0.329
596,0.9316,0.081,0.785,0.133
597,-0.9323,0.114,0.806,0.08
598,0.8807,0.0,0.923,0.077
599,0.9552,0.059,0.757,0.184
600,-0.8125,0.125,0.794,0.081
601,0.7506,0.0,0.89,0.11
602,0.3612,0.0,0.615,0.385
604,0.926,0.068,0.763,0.169
605,0.8402,0.04,0.842,0.118
606,-0.7906,0.149,0.767,0.084
607,0.995,0.094,0.728,0.178
608,0.9917,0.011,0.736,0.253
609,0.34,0.0,0.932,0.068
611,-0.8316,0.139,0.779,0.081
612,0.9712,0.011,0.825,0.164
614,0.9585,0.068,0.795,0.138
616,0.25,0.041,0.902,0.057
617,-0.1258,0.055,0.886,0.058
619,0.9666,0.087,0.774,0.139
621,0.9578,0.0,0.911,0.089
623,0.9287,0.079,0.8,0.122
624,-0.872,0.14,0.769,0.091
625,0.9042,0.077,0.78,0.143
626,0.8874,0.114,0.744,0.142
627,-0.7003,0.095,0.838,0.067
628,0.0,0.0,1.0,0.0
629,0.91,0.091,0.77,0.138
630,0.8596,0.186,0.613,0.201
633,-0.9661,0.145,0.771,0.083
634,0.0,0.0,1.0,0.0
638,-0.886,0.115,0.863,0.022
640,0.5423,0.0,0.791,0.209
641,0.8692,0.1,0.773,0.127
642,-0.5106,0.113,0.794,0.093
643,0.9728,0.088,0.741,0.171
644,-0.8938,0.079,0.849,0.071
646,0.9949,0.038,0.726,0.237
647,-0.9787,0.089,0.881,0.03
648,0.0258,0.052,0.917,0.031
649,-0.461,0.101,0.802,0.097
651,0.9814,0.08,0.7,0.22
652,0.9325,0.109,0.713,0.178
653,0.8625,0.04,0.822,0.138
654,-0.7003,0.107,0.802,0.092
655,0.7351,0.032,0.896,0.072
656,0.836,0.023,0.882,0.096
659,0.0258,0.102,0.792,0.106
660,-0.9788,0.127,0.8,0.073
661,0.0,0.0,1.0,0.0
662,0.9678,0.034,0.797,0.169
663,-0.7579,0.139,0.832,0.029
664,0.9866,0.023,0.858,0.118
665,0.7927,0.099,0.767,0.134
666,-0.4635,0.213,0.638,0.149
667,0.0,0.0,1.0,0.0
668,0.9904,0.098,0.698,0.204
669,0.9872,0.013,0.75,0.237
672,0.9371,0.059,0.781,0.16
673,0.5423,0.0,0.847,0.153
676,0.836,0.0,0.918,0.082
677,0.0,0.0,1.0,0.0
678,-0.7003,0.118,0.773,0.109
679,0.9712,0.066,0.785,0.149
680,0.9452,0.086,0.772,0.142
681,0.5301,0.143,0.705,0.151
682,0.9783,0.036,0.794,0.171
683,-0.7506,0.098,0.846,0.056
684,0.9337,0.054,0.842,0.104
685,0.0,0.0,1.0,0.0
686,0.9944,0.078,0.759,0.163
687,-0.4939,0.091,0.823,0.085
688,-0.7964,0.141,0.743,0.116
689,0.9763,0.102,0.733,0.166
690,0.8074,0.0,0.867,0.133
693,-0.8885,0.15,0.79,0.06
695,0.8271,0.088,0.803,0.11
696,-0.9001,0.106,0.842,0.052
697,0.9938,0.009,0.806,0.185
698,-0.836,0.097,0.827,0.076
699,-0.6096,0.083,0.845,0.072
700,-0.9415,0.083,0.857,0.06
701,0.9692,0.074,0.796,0.13
702,0.9652,0.027,0.845,0.128
703,0.7337,0.091,0.753,0.156
704,0.9274,0.012,0.863,0.125
705,0.9895,0.028,0.745,0.227
706,0.7096,0.024,0.903,0.073
707,0.9501,0.0,0.805,0.195
708,-0.128,0.117,0.768,0.115
709,0.7184,0.048,0.859,0.092
710,-0.9361,0.128,0.809,0.063
711,-0.9662,0.15,0.791,0.06
712,-0.875,0.124,0.804,0.072
713,0.9231,0.074,0.8,0.126
716,-0.296,0.067,0.904,0.029
717,-0.7351,0.139,0.824,0.037
718,0.9793,0.111,0.717,0.172
719,0.9246,0.024,0.9,0.076
721,-0.5267,0.062,0.882,0.056
722,0.9899,0.084,0.753,0.163
723,0.0,0.0,1.0,0.0
724,0.9287,0.085,0.793,0.121
725,0.9808,0.08,0.741,0.18
726,-0.9618,0.353,0.647,0.0
728,-0.9246,0.142,0.766,0.092
729,0.4019,0.0,0.975,0.025
730,0.296,0.048,0.872,0.08
732,0.0,0.0,1.0,0.0
733,0.9774,0.047,0.733,0.22
734,0.886,0.161,0.584,0.254
735,-0.9794,0.203,0.797,0.0
737,0.0,0.0,1.0,0.0
738,-0.6597,0.087,0.829,0.083
739,-0.9313,0.112,0.837,0.051
740,-0.4404,0.324,0.552,0.124
741,0.9403,0.02,0.898,0.082
742,-0.1779,0.074,0.875,0.051
746,0.6808,0.034,0.898,0.067
747,0.1779,0.096,0.793,0.112
748,0.9571,0.008,0.859,0.133
749,-0.765,0.149,0.745,0.106
750,-0.8938,0.083,0.843,0.074
756,-0.4939,0.089,0.831,0.08
757,0.4767,0.103,0.785,0.112
758,0.6808,0.049,0.866,0.085
759,0.9977,0.109,0.68,0.211
760,-0.477,0.132,0.743,0.125
761,0.9978,0.054,0.641,0.305
762,0.9517,0.014,0.816,0.17
764,0.9806,0.069,0.751,0.18
765,-0.9967,0.226,0.671,0.103
766,0.9794,0.029,0.863,0.109
767,0.1531,0.054,0.894,0.052
769,0.9639,0.099,0.754,0.148
770,0.9866,0.048,0.801,0.15
771,-0.6044,0.13,0.809,0.061
772,-0.9578,0.131,0.809,0.061
773,0.9939,0.036,0.843,0.121
774,-0.8144,0.139,0.839,0.021
775,0.8718,0.063,0.831,0.106
776,-0.9038,0.179,0.682,0.14
777,0.1994,0.093,0.808,0.099
778,0.9934,0.094,0.755,0.151
779,-0.4215,0.057,0.911,0.033
780,0.9884,0.013,0.826,0.161
784,0.5413,0.111,0.766,0.123
785,0.8469,0.151,0.684,0.165
787,-0.9808,0.14,0.818,0.043
788,0.5423,0.012,0.951,0.037
789,0.7506,0.058,0.831,0.111
790,-0.9606,0.173,0.732,0.095
791,0.9788,0.056,0.805,0.139
792,0.5267,0.138,0.659,0.203
794,-0.9949,0.188,0.714,0.098
795,-0.3678,0.1,0.798,0.102
798,-0.9429,0.069,0.919,0.012
800,0.743,0.01,0.921,0.069
801,0.2023,0.104,0.775,0.122
803,-0.9761,0.15,0.784,0.066
804,0.9921,0.072,0.716,0.212
806,0.4939,0.118,0.752,0.13
807,0.997,0.054,0.765,0.181
808,0.9955,0.064,0.773,0.163
809,0.9847,0.086,0.729,0.186
811,0.9485,0.058,0.844,0.098
813,-0.9893,0.182,0.751,0.066
814,-0.9864,0.315,0.685,0.0
815,-0.9895,0.214,0.76,0.027
816,0.7351,0.032,0.896,0.072
817,-0.9935,0.183,0.734,0.083
818,-0.9265,0.1,0.819,0.081
819,-0.7269,0.15,0.816,0.034
822,0.7871,0.086,0.813,0.101
823,0.9938,0.04,0.805,0.155
826,-0.9866,0.107,0.858,0.035
827,-0.9571,0.212,0.645,0.143
828,-0.981,0.154,0.723,0.124
830,-0.128,0.072,0.868,0.06
831,0.961,0.053,0.801,0.146
832,-0.1027,0.036,0.964,0.0
833,0.1027,0.034,0.926,0.04
836,-0.9612,0.24,0.747,0.013
837,0.9958,0.017,0.773,0.21
838,0.9524,0.05,0.661,0.289
839,-0.9774,0.147,0.844,0.009
840,0.7096,0.023,0.905,0.072
841,0.9186,0.029,0.823,0.148
842,-0.7184,0.107,0.864,0.029
843,-0.7845,0.107,0.813,0.08
844,-0.9022,0.145,0.785,0.07
845,0.988,0.015,0.737,0.248
846,0.9403,0.057,0.786,0.157
847,-0.9875,0.156,0.738,0.107
848,0.0,0.0,1.0,0.0
850,0.6808,0.012,0.942,0.047
851,0.2732,0.113,0.679,0.208
852,0.9821,0.0,0.853,0.147
853,-0.128,0.079,0.872,0.049
854,0.5162,0.12,0.753,0.127
856,-0.9935,0.183,0.734,0.083
857,-0.6249,0.128,0.796,0.075
858,-0.9793,0.161,0.758,0.08
859,0.4215,0.043,0.876,0.081
860,-0.9476,0.132,0.777,0.091
862,0.8658,0.031,0.876,0.093
863,0.7845,0.035,0.836,0.129
865,0.9955,0.059,0.764,0.177
866,0.791,0.058,0.827,0.116
867,0.9226,0.04,0.853,0.107
868,0.296,0.093,0.769,0.138
869,-0.9393,0.142,0.8,0.058
870,0.7506,0.0,0.819,0.181
872,0.4767,0.095,0.776,0.13
873,-0.3612,0.067,0.878,0.056
874,0.8779,0.019,0.89,0.09
875,-0.9726,0.129,0.818,0.053
876,0.9274,0.106,0.753,0.141
877,-0.936,0.186,0.719,0.095
878,-0.9393,0.154,0.751,0.095
879,0.7783,0.066,0.847,0.088
880,-0.6705,0.079,0.89,0.03
881,0.1551,0.114,0.755,0.131
882,-0.0031,0.064,0.872,0.064
883,0.0,0.0,1.0,0.0
884,0.9318,0.037,0.668,0.295
885,0.0,0.0,1.0,0.0
886,0.9246,0.054,0.676,0.27
887,0.9855,0.073,0.779,0.148
888,-0.0685,0.204,0.58,0.216
889,0.9569,0.069,0.735,0.197
890,0.8932,0.078,0.769,0.153
891,0.9263,0.077,0.786,0.138
892,0.9761,0.08,0.719,0.201
893,-0.6249,0.065,0.882,0.053
894,-0.988,0.263,0.708,0.028
895,0.4091,0.058,0.869,0.073
896,0.9136,0.021,0.883,0.096
897,-0.7884,0.363,0.479,0.159
899,-0.0685,0.204,0.58,0.216
900,0.8834,0.027,0.879,0.094
901,-0.9587,0.217,0.718,0.065
902,-0.7003,0.118,0.773,0.109
903,0.9325,0.078,0.777,0.145
904,-0.9313,0.126,0.779,0.095
905,0.6369,0.112,0.754,0.134
906,-0.9793,0.158,0.764,0.078
907,0.7783,0.018,0.907,0.075
908,0.8625,0.099,0.778,0.124
909,0.9911,0.052,0.779,0.169
910,0.9852,0.097,0.766,0.137
911,0.8481,0.02,0.881,0.1
912,0.8885,0.02,0.849,0.131
913,-0.9801,0.188,0.74,0.073
914,0.9694,0.035,0.856,0.109
916,0.7003,0.07,0.816,0.114
917,0.5719,0.025,0.895,0.079
919,0.9825,0.049,0.79,0.161
920,0.9638,0.059,0.806,0.135
921,0.9749,0.068,0.738,0.194
922,-0.8754,0.122,0.825,0.053
923,0.25,0.04,0.905,0.055
924,-0.9261,0.103,0.809,0.088
925,0.9803,0.035,0.808,0.157
926,-0.8225,0.103,0.815,0.082
928,-0.2023,0.086,0.815,0.099
929,-0.6527,0.12,0.775,0.105
930,-0.3182,0.098,0.806,0.096
931,0.2111,0.112,0.777,0.111
932,0.7481,0.087,0.803,0.11
933,0.5859,0.053,0.783,0.164
934,-0.9349,0.14,0.775,0.086
935,-0.8807,0.196,0.769,0.034
936,0.9425,0.062,0.808,0.13
937,0.2263,0.0,0.913,0.087
938,-0.4215,0.084,0.851,0.066
939,-0.7506,0.052,0.925,0.023
940,0.7003,0.0,0.88,0.12
942,-0.864,0.143,0.803,0.054
943,0.5719,0.0,0.619,0.381
944,-0.1531,0.046,0.954,0.0
946,0.993,0.039,0.788,0.172
948,0.888,0.069,0.794,0.138
949,0.9852,0.097,0.766,0.137
950,0.9524,0.059,0.744,0.197
951,0.9682,0.057,0.787,0.156
956,0.9719,0.091,0.764,0.145
957,0.1027,0.0,0.955,0.045
958,0.4939,0.029,0.927,0.045
959,0.9315,0.079,0.833,0.088
960,0.34,0.0,0.876,0.124
962,0.8402,0.037,0.868,0.095
963,0.9698,0.055,0.825,0.12
966,0.9949,0.122,0.604,0.274
967,0.9783,0.116,0.679,0.204
968,-0.0,0.085,0.791,0.123
969,-0.8807,0.149,0.782,0.069
970,0.9808,0.0,0.853,0.147
971,0.7795,0.067,0.842,0.09
972,0.9994,0.081,0.766,0.153
974,0.7845,0.0,0.907,0.093
976,0.7717,0.026,0.876,0.098
979,0.9978,0.054,0.641,0.305
981,-0.6249,0.137,0.863,0.0
982,-0.4588,0.214,0.677,0.109
984,0.3182,0.0,0.85,0.15
986,0.9231,0.073,0.815,0.111
987,0.4215,0.106,0.774,0.12
989,0.8074,0.053,0.838,0.109
990,0.9652,0.031,0.797,0.172
991,0.9589,0.088,0.746,0.166
992,0.93,0.034,0.816,0.149
993,0.998,0.056,0.773,0.172
994,-0.7787,0.215,0.739,0.046
995,0.4404,0.079,0.827,0.094
996,0.9756,0.006,0.856,0.137
997,0.9349,0.033,0.863,0.104
998,0.0516,0.082,0.831,0.087
1003,0.9325,0.128,0.667,0.206
1004,0.9821,0.007,0.832,0.162
1005,0.8211,0.118,0.753,0.129
1006,-0.9928,0.279,0.672,0.049
1007,0.296,0.0,0.885,0.115
1008,-0.8074,0.092,0.829,0.079
1010,0.0772,0.038,0.92,0.042
1011,0.8481,0.094,0.725,0.181
1012,0.1295,0.071,0.856,0.073
1013,0.7506,0.033,0.88,0.087
1014,0.9601,0.068,0.82,0.112
1016,0.9764,0.009,0.853,0.138
1017,0.2732,0.098,0.792,0.11
1018,-0.4404,0.104,0.798,0.098
1019,0.0,0.0,1.0,0.0
1020,0.9664,0.104,0.709,0.186
1021,-0.7936,0.148,0.729,0.123
1022,0.9449,0.108,0.725,0.167
1023,0.8384,0.106,0.755,0.138
1024,0.9779,0.087,0.761,0.152
1025,0.8625,0.028,0.779,0.194
1026,0.9864,0.006,0.839,0.155
1027,-0.9719,0.184,0.724,0.093
1028,0.9968,0.007,0.805,0.189
1030,-0.4779,0.112,0.771,0.117
1032,0.4215,0.055,0.872,0.073
1033,-0.6249,0.093,0.833,0.075
1034,0.93,0.092,0.762,0.146
1036,0.0772,0.089,0.808,0.102
1038,0.6249,0.0,0.951,0.049
1040,0.6249,0.065,0.85,0.085
1041,0.9996,0.066,0.714,0.22
1042,0.5719,0.087,0.811,0.102
1044,0.542,0.099,0.799,0.102
1045,-0.875,0.172,0.828,0.0
1047,0.9779,0.022,0.747,0.231
1049,0.6369,0.0,0.795,0.205
1050,0.5908,0.102,0.784,0.114
1051,0.9922,0.018,0.744,0.238
1052,-0.9735,0.17,0.751,0.079
1053,-0.9896,0.223,0.747,0.03
1054,0.9371,0.011,0.844,0.145
1055,0.9169,0.04,0.78,0.18
1056,0.9169,0.0,0.907,0.093
1057,0.9837,0.077,0.764,0.159
1058,-0.986,0.224,0.695,0.081
1061,0.9468,0.061,0.765,0.174
1062,0.8934,0.026,0.882,0.092
1063,-0.8957,0.225,0.734,0.041
1064,-0.9747,0.153,0.745,0.103
1065,0.9633,0.05,0.72,0.23
1067,0.5206,0.111,0.765,0.125
1068,-0.7061,0.099,0.82,0.081
1070,-0.2764,0.14,0.733,0.127
1071,-0.4763,0.144,0.721,0.135
1073,0.93,0.052,0.832,0.116
1074,0.9985,0.027,0.745,0.228
1076,0.9381,0.129,0.695,0.176
1077,0.9921,0.03,0.786,0.183
1078,0.9186,0.073,0.797,0.13
1080,-0.7681,0.073,0.878,0.049
1081,-0.3182,0.124,0.771,0.105
1082,-0.9612,0.145,0.791,0.064
1084,0.7351,0.034,0.852,0.113
1085,-0.8938,0.08,0.849,0.071
1086,0.9631,0.052,0.787,0.161
1087,0.9756,0.064,0.797,0.139
1088,-0.7717,0.102,0.826,0.073
1089,0.9943,0.053,0.808,0.139
1091,0.4215,0.088,0.777,0.135
1092,-0.9858,0.153,0.775,0.072
1094,0.8728,0.073,0.753,0.174
1095,0.9826,0.047,0.771,0.182
1097,0.4019,0.026,0.911,0.062
1099,0.2023,0.045,0.892,0.063
1100,-0.6808,0.163,0.772,0.065
1102,0.7569,0.095,0.774,0.131
1103,0.9929,0.093,0.691,0.216
1105,0.6124,0.091,0.759,0.15
1106,0.4215,0.0,0.678,0.322
1107,0.9839,0.034,0.817,0.148
1108,-0.9819,0.144,0.763,0.093
1110,0.9584,0.035,0.771,0.194
1111,-0.3612,0.178,0.682,0.139
1112,-0.9325,0.083,0.917,0.0
1113,-0.6908,0.155,0.702,0.142
1114,0.0,0.0,1.0,0.0
1115,-0.8324,0.116,0.791,0.093
1116,0.9892,0.05,0.805,0.145
1117,0.9965,0.054,0.77,0.176
1118,-0.9991,0.252,0.671,0.077
1119,-0.8479,0.124,0.779,0.097
1120,-0.3415,0.106,0.79,0.104
1121,0.9919,0.057,0.749,0.194
1122,0.9249,0.094,0.761,0.145
1123,0.9873,0.0,0.703,0.297
1124,0.9991,0.063,0.775,0.162
1125,-0.2023,0.073,0.873,0.053
1126,0.5574,0.056,0.85,0.094
1127,0.9876,0.011,0.826,0.163
1129,0.9403,0.0,0.887,0.113
1132,0.946,0.053,0.841,0.106
1133,-0.6908,0.164,0.767,0.069
1134,0.9674,0.055,0.834,0.111
1135,0.9274,0.009,0.83,0.16
1136,0.9722,0.066,0.713,0.221
1137,0.91,0.019,0.78,0.201
1138,0.985,0.035,0.805,0.16
1140,0.9601,0.048,0.787,0.165
1142,0.9442,0.075,0.812,0.113
1143,0.9836,0.062,0.824,0.114
1145,-0.934,0.102,0.879,0.019
1146,-0.5267,0.152,0.707,0.141
1147,0.8658,0.094,0.752,0.154
1148,0.7269,0.0,0.818,0.182
1149,-0.9648,0.257,0.69,0.054
1150,-0.789,0.119,0.78,0.101
1152,0.9977,0.083,0.677,0.24
1153,0.6808,0.042,0.894,0.064
1155,0.7076,0.145,0.698,0.158
1156,-0.9601,0.145,0.779,0.076
1157,-0.9018,0.128,0.791,0.081
1158,0.99,0.026,0.839,0.135
1160,0.1779,0.0,0.904,0.096
1161,0.9201,0.02,0.856,0.123
1163,-0.7401,0.071,0.88,0.049
1164,-0.296,0.195,0.643,0.162
1165,0.9953,0.061,0.738,0.201
1166,0.9817,0.099,0.749,0.152
1167,0.0,0.0,1.0,0.0
1168,0.9422,0.066,0.844,0.09
1169,-0.9001,0.1,0.851,0.049
1172,0.9959,0.087,0.726,0.187
1174,-0.9387,0.15,0.784,0.067
1176,-0.2732,0.058,0.884,0.058
1177,0.6249,0.023,0.896,0.081
1178,0.7184,0.0,0.774,0.226
1180,0.9287,0.08,0.805,0.115
1181,-0.8792,0.138,0.771,0.091
1182,-0.9371,0.124,0.83,0.046
1184,-0.1531,0.038,0.935,0.027
1185,0.4404,0.0,0.962,0.038
1187,0.9694,0.034,0.858,0.107
1188,-0.9503,0.208,0.667,0.125
1190,0.5106,0.066,0.855,0.08
1191,0.9231,0.048,0.819,0.134
1193,0.4239,0.095,0.813,0.093
1194,0.2023,0.0,0.962,0.038
1196,0.8442,0.054,0.857,0.09
1197,0.0,0.0,1.0,0.0
1198,-0.4019,0.103,0.809,0.087
1199,0.9836,0.043,0.823,0.134
1202,0.9274,0.067,0.797,0.136
1204,-0.872,0.126,0.815,0.059
1205,0.9918,0.058,0.764,0.178
1206,-0.9628,0.198,0.709,0.094
1208,0.9407,0.038,0.863,0.099
1209,0.6124,0.0,0.935,0.065
1210,0.2023,0.014,0.966,0.02
1211,-0.967,0.154,0.777,0.069
1212,0.9623,0.011,0.871,0.118
1213,0.9935,0.036,0.772,0.192
1214,-0.5526,0.128,0.773,0.099
1215,0.7003,0.0,0.775,0.225
1216,0.9905,0.027,0.794,0.179
1217,0.9957,0.088,0.727,0.185
1218,0.93,0.06,0.739,0.202
1219,0.954,0.021,0.873,0.106
1220,-0.9251,0.111,0.808,0.081
1221,0.9891,0.078,0.772,0.15
1222,-0.4939,0.101,0.844,0.055
1223,0.9879,0.006,0.835,0.159
1225,0.9136,0.119,0.714,0.167
1226,-0.4215,0.043,0.94,0.018
1227,0.8934,0.053,0.795,0.152
1229,-0.1119,0.128,0.757,0.115
1230,0.6486,0.066,0.797,0.137
1232,-0.4588,0.095,0.866,0.038
1234,-0.9831,0.153,0.777,0.07
1236,0.8177,0.072,0.816,0.111
1237,0.844,0.089,0.776,0.135
1238,0.9939,0.082,0.715,0.203
1239,0.0258,0.095,0.807,0.098
1240,0.8817,0.05,0.827,0.122
1242,-0.9559,0.16,0.729,0.111
1243,0.9719,0.054,0.806,0.14
1246,0.9797,0.099,0.707,0.194
1248,-0.7906,0.111,0.802,0.087
1249,0.9712,0.066,0.785,0.149
1250,0.9948,0.098,0.704,0.198
1251,0.9729,0.026,0.738,0.237
1252,0.2732,0.106,0.764,0.13
1253,-0.4019,0.122,0.784,0.094
1254,0.0,0.0,1.0,0.0
1255,-0.9001,0.128,0.804,0.069
1256,0.5926,0.08,0.832,0.088
1257,0.743,0.016,0.898,0.085
1258,-0.128,0.061,0.891,0.048
1259,0.8519,0.018,0.884,0.098
1261,0.9604,0.089,0.775,0.136
1262,0.9904,0.017,0.811,0.172
1263,0.9136,0.0,0.704,0.296
1264,0.9941,0.021,0.8,0.179
1265,0.0,0.095,0.815,0.09
1266,0.0,0.0,1.0,0.0
1267,-0.2023,0.087,0.913,0.0
1268,0.8576,0.1,0.759,0.141
1269,0.9928,0.036,0.776,0.188
1270,0.9929,0.078,0.784,0.137
1271,-0.9676,0.155,0.696,0.149
1272,0.4767,0.057,0.857,0.086
1275,0.993,0.046,0.833,0.121
1277,0.8402,0.078,0.783,0.138
1278,0.6124,0.111,0.744,0.145
1279,0.91,0.0,0.829,0.171
1282,0.9861,0.101,0.687,0.212
1284,-0.9747,0.146,0.771,0.082
1285,0.0258,0.119,0.757,0.124
1287,0.9743,0.022,0.869,0.109
1288,0.9995,0.072,0.684,0.244
1289,0.9618,0.041,0.772,0.187
1290,0.9924,0.056,0.798,0.146
1291,0.8166,0.117,0.734,0.149
1292,0.9871,0.0,0.777,0.223
1293,0.6808,0.0,0.947,0.053
1294,-0.5994,0.119,0.786,0.096
1296,-0.9943,0.153,0.804,0.043
1297,0.8658,0.036,0.706,0.257
1298,0.9976,0.081,0.73,0.189
1299,0.9274,0.017,0.825,0.159
1300,0.7717,0.114,0.714,0.172
1301,0.9967,0.035,0.779,0.186
1302,0.9695,0.108,0.738,0.154
1303,0.9442,0.083,0.778,0.139
1304,0.6808,0.076,0.647,0.277
1305,-0.9932,0.179,0.745,0.076
1306,0.9976,0.1,0.674,0.226
1307,0.6929,0.056,0.845,0.099
1308,-0.9524,0.143,0.791,0.066
1309,0.9961,0.065,0.808,0.127
1310,0.3612,0.046,0.86,0.095
1311,0.7184,0.0,0.7,0.3
1312,0.9793,0.062,0.795,0.143
1313,0.9792,0.089,0.744,0.168
1315,0.9612,0.035,0.83,0.135
1316,0.5267,0.075,0.829,0.096
1317,-0.9695,0.147,0.74,0.112
1318,0.9959,0.046,0.696,0.259
1319,0.836,0.134,0.584,0.282
1320,0.9276,0.119,0.691,0.189
1321,0.9261,0.007,0.919,0.074
1322,-0.9489,0.063,0.883,0.054
1324,-0.7184,0.13,0.814,0.056
1325,0.8834,0.016,0.832,0.152
1326,0.7783,0.0,0.747,0.253
1328,0.7003,0.0,0.886,0.114
1329,-0.1027,0.1,0.807,0.093
1330,-0.4404,0.099,0.816,0.085
1331,0.0772,0.124,0.734,0.141
1332,0.9848,0.049,0.83,0.121
1333,-0.6705,0.289,0.711,0.0
1334,0.0258,0.057,0.886,0.057
1336,-0.6124,0.135,0.778,0.087
1340,-0.9571,0.166,0.757,0.077
1341,0.9628,0.009,0.849,0.142
1342,0.8689,0.068,0.797,0.135
1343,-0.1531,0.109,0.807,0.084
1344,0.5574,0.091,0.675,0.234
1345,0.8126,0.021,0.875,0.103
1346,0.8481,0.032,0.87,0.098
1347,0.7906,0.099,0.695,0.206
1348,-0.8419,0.12,0.821,0.059
1351,-0.9571,0.24,0.661,0.099
1352,0.9991,0.023,0.689,0.288
1355,0.3612,0.135,0.649,0.216
1356,-0.9903,0.167,0.746,0.087
1357,0.9337,0.0,0.701,0.299
1359,0.9565,0.059,0.805,0.136
1361,0.9325,0.019,0.772,0.209
1363,0.9953,0.084,0.751,0.165
1364,0.8885,0.061,0.816,0.123
1365,0.9671,0.099,0.77,0.131
1366,-0.8434,0.143,0.728,0.129
1367,0.4767,0.0,0.905,0.095
1368,0.9349,0.028,0.758,0.214
1370,0.8692,0.1,0.772,0.128
1371,0.9382,0.084,0.725,0.191
1372,-0.9477,0.168,0.752,0.079
1374,0.93,0.06,0.739,0.202
1376,-0.8519,0.127,0.772,0.101
1378,0.6705,0.146,0.635,0.219
1379,0.9708,0.1,0.762,0.137
1380,0.9969,0.049,0.819,0.132
1382,-0.5478,0.123,0.775,0.102
1383,0.2263,0.094,0.805,0.101
1388,0.34,0.093,0.786,0.121
1389,-0.3182,0.11,0.785,0.105
1390,0.9621,0.017,0.862,0.121
1391,0.5574,0.026,0.889,0.085
1392,0.6486,0.067,0.834,0.099
1395,0.9968,0.121,0.649,0.23
1396,-0.9153,0.219,0.722,0.059
1397,0.9892,0.007,0.843,0.15
1399,-0.4019,0.093,0.817,0.09
1401,0.9186,0.067,0.765,0.168
1402,0.0,0.0,1.0,0.0
1403,0.9837,0.023,0.804,0.172
1404,-0.5574,0.139,0.782,0.078
1405,0.9766,0.13,0.611,0.259
1407,0.0531,0.124,0.751,0.125
1408,-0.5106,0.144,0.741,0.114
1409,0.9898,0.033,0.724,0.244
1410,0.2732,0.0,0.966,0.034
1411,0.9925,0.023,0.795,0.183
1412,-0.6908,0.082,0.87,0.047
1413,0.6249,0.065,0.85,0.085
1414,0.9764,0.0,0.578,0.422
1415,0.9672,0.038,0.84,0.122
1416,0.0258,0.116,0.767,0.117
1417,-0.9545,0.099,0.838,0.063
1418,0.8788,0.084,0.772,0.144
1421,0.7506,0.019,0.9,0.081
1422,-0.683,0.121,0.774,0.104
1423,0.9783,0.054,0.834,0.112
1424,0.8942,0.129,0.711,0.161
1426,0.9274,0.112,0.713,0.176
1429,0.9949,0.011,0.804,0.186
1430,0.8779,0.041,0.854,0.105
1431,0.9818,0.031,0.757,0.212
1432,0.93,0.092,0.762,0.146
1435,0.9716,0.0,0.852,0.148
1436,-0.1779,0.107,0.789,0.104
1437,-0.743,0.102,0.826,0.072
1438,0.9969,0.058,0.752,0.19
1440,0.0,0.0,1.0,0.0
1442,0.9108,0.095,0.755,0.15
1444,0.6486,0.0,0.904,0.096
1445,0.8402,0.069,0.804,0.127
1446,-0.501,0.14,0.724,0.136
1447,0.9798,0.012,0.743,0.245
1448,0.989,0.013,0.784,0.204
1449,0.8891,0.096,0.775,0.13
1451,0.6369,0.0,0.792,0.208
1453,0.5267,0.0,0.864,0.136
1454,-0.9799,0.12,0.797,0.083
1456,0.6597,0.083,0.765,0.152
1457,0.891,0.128,0.634,0.238
1458,-0.5423,0.457,0.347,0.197
1459,0.0,0.0,1.0,0.0
1461,0.8442,0.083,0.75,0.167
1462,0.9836,0.042,0.826,0.132
1464,0.5413,0.051,0.881,0.068
1465,0.2648,0.063,0.868,0.07
1466,0.9965,0.044,0.763,0.194
1467,-0.9716,0.148,0.785,0.067
1468,-0.5267,0.123,0.75,0.127
1469,0.8442,0.06,0.84,0.1
1470,0.1531,0.097,0.803,0.101
1471,0.4588,0.139,0.693,0.168
1472,0.4019,0.0,0.769,0.231
1473,-0.9322,0.155,0.739,0.106
1474,0.9682,0.057,0.787,0.156
1475,-0.988,0.153,0.743,0.104
1476,-0.3612,0.119,0.804,0.077
1478,0.8885,0.029,0.844,0.127
1479,0.975,0.053,0.833,0.115
1480,0.9954,0.021,0.774,0.206
1482,-0.6486,0.15,0.718,0.131
1484,0.8834,0.0,0.709,0.291
1485,0.6124,0.0,0.929,0.071
1486,0.975,0.009,0.874,0.117
1487,0.9871,0.055,0.753,0.192
1488,-0.1119,0.132,0.756,0.111
1490,0.9969,0.005,0.76,0.236
1491,0.9933,0.026,0.803,0.171
1492,0.6808,0.043,0.892,0.065
1493,-0.296,0.127,0.744,0.129
1494,-0.9643,0.124,0.822,0.054
1496,-0.6142,0.115,0.784,0.1
1497,0.91,0.0,0.838,0.162
1498,-0.2263,0.054,0.914,0.032
1499,0.9716,0.0,0.839,0.161
1500,0.7906,0.094,0.711,0.195
1501,0.0,0.0,1.0,0.0
1502,0.9476,0.074,0.798,0.128
1503,-0.9413,0.248,0.702,0.05
1504,-0.296,0.05,0.95,0.0
1505,0.6486,0.113,0.723,0.164
1506,0.4019,0.043,0.886,0.071
1507,0.9892,0.035,0.809,0.156
1509,0.9516,0.093,0.767,0.14
1510,0.9859,0.023,0.786,0.191
1511,0.6808,0.0,0.682,0.318
1512,-0.34,0.057,0.89,0.053
1513,0.0,0.0,1.0,0.0
1514,-0.9713,0.157,0.742,0.101
1515,-0.9356,0.097,0.858,0.045
1516,-0.9648,0.224,0.678,0.098
1517,0.9801,0.025,0.883,0.092
1519,0.967,0.032,0.772,0.196
1521,-0.4019,0.067,0.88,0.053
1522,0.969,0.031,0.738,0.231
1524,0.8689,0.016,0.841,0.143
1526,0.9922,0.018,0.823,0.159
1527,0.891,0.032,0.868,0.1
1529,0.9612,0.152,0.571,0.277
1530,0.128,0.026,0.94,0.034
1534,0.9792,0.028,0.841,0.13
1535,0.7849,0.121,0.749,0.13
1536,0.9991,0.01,0.755,0.235
1538,0.9953,0.03,0.774,0.197
1539,-0.8885,0.099,0.827,0.074
1540,0.9937,0.053,0.74,0.207
1542,0.9881,0.0,0.825,0.175
1545,0.5719,0.02,0.909,0.071
1546,-0.9906,0.209,0.729,0.061
1547,-0.9761,0.165,0.803,0.032
1549,-0.6586,0.1,0.846,0.054
1550,0.3612,0.111,0.764,0.125
1552,-0.8555,0.084,0.887,0.028
1553,0.9961,0.072,0.733,0.195
1554,0.9973,0.044,0.746,0.21
1555,0.9349,0.016,0.889,0.095
1556,-0.0,0.061,0.877,0.061
1558,0.9964,0.051,0.736,0.213
1559,-0.9451,0.142,0.803,0.055
1560,-0.4576,0.127,0.732,0.141
1562,0.0,0.0,1.0,0.0
1563,-0.967,0.133,0.766,0.101
1564,0.6808,0.076,0.647,0.277
1565,-0.4033,0.106,0.839,0.055
1566,-0.6705,0.147,0.815,0.038
1567,0.9325,0.0,0.515,0.485
1568,-0.9168,0.139,0.774,0.087
1569,-0.9934,0.213,0.651,0.136
1571,0.9856,0.081,0.708,0.21
1574,0.9337,0.065,0.833,0.102
1575,0.9983,0.046,0.749,0.206
1576,0.8724,0.054,0.866,0.08
1577,0.7783,0.0,0.928,0.072
1578,-0.9889,0.166,0.743,0.092
1579,0.6369,0.0,0.543,0.457
1580,0.1531,0.098,0.789,0.112
1581,-0.4019,0.133,0.74,0.127
1582,0.9571,0.017,0.834,0.148
1583,0.8481,0.027,0.821,0.152
1585,0.69,0.149,0.688,0.163
1586,0.3008,0.0,0.73,0.27
1587,0.9972,0.047,0.82,0.133
1589,0.5389,0.032,0.92,0.049
1590,0.9983,0.068,0.725,0.207
1591,-0.4588,0.087,0.913,0.0
1592,0.8074,0.0,0.948,0.052
1594,0.9652,0.079,0.812,0.11
1595,0.7302,0.119,0.749,0.132
1597,-0.7579,0.178,0.667,0.154
1598,0.9982,0.018,0.811,0.171
1599,0.743,0.0,0.733,0.267
1600,0.1548,0.091,0.805,0.104
1602,-0.8542,0.14,0.785,0.076
1603,0.9169,0.064,0.811,0.125
1605,0.6369,0.069,0.787,0.144
1607,0.9781,0.05,0.845,0.105
1608,-0.946,0.107,0.843,0.05
1610,-0.4019,0.098,0.807,0.095
1611,0.8637,0.083,0.807,0.11
1614,-0.2023,0.073,0.868,0.059
1615,0.9331,0.073,0.829,0.097
1616,0.7096,0.036,0.851,0.113
1617,0.3182,0.0,0.953,0.047
1618,-0.9554,0.126,0.819,0.055
1619,-0.926,0.136,0.767,0.097
1621,0.0258,0.098,0.8,0.102
1623,0.9774,0.012,0.82,0.168
1624,0.0,0.0,1.0,0.0
1625,0.561,0.112,0.764,0.124
1626,0.9889,0.0,0.801,0.199
1627,0.9371,0.074,0.57,0.357
1628,-0.9022,0.09,0.886,0.024
1629,0.7845,0.0,0.685,0.315
1630,0.9943,0.036,0.768,0.196
1634,0.9805,0.039,0.767,0.193
1635,-0.9788,0.131,0.797,0.072
1636,-0.235,0.1,0.8,0.1
1637,-0.9821,0.206,0.738,0.056
1638,0.8679,0.081,0.807,0.112
1639,0.9954,0.034,0.453,0.513
1640,0.9729,0.026,0.842,0.132
1641,-0.93,0.136,0.803,0.061
1642,-0.9846,0.194,0.755,0.051
1643,-0.9737,0.155,0.804,0.042
1645,0.9858,0.007,0.789,0.204
1648,0.8036,0.093,0.662,0.245
1649,-0.296,0.059,0.915,0.026
1650,-0.7845,0.219,0.676,0.105
1651,0.926,0.093,0.777,0.131
1652,-0.7787,0.215,0.739,0.046
1653,0.9786,0.051,0.832,0.116
1655,-0.9758,0.171,0.7,0.129
1656,-0.7933,0.138,0.804,0.058
1657,0.7003,0.0,0.786,0.214
1659,-0.9265,0.1,0.819,0.081
1661,0.4215,0.04,0.915,0.044
1662,0.8885,0.04,0.864,0.096
1663,0.9931,0.045,0.835,0.12
1665,0.4215,0.0,0.865,0.135
1667,0.9924,0.048,0.801,0.151
1668,0.9741,0.096,0.78,0.124
1669,0.9153,0.088,0.761,0.152
1670,-0.9277,0.157,0.729,0.114
1672,-0.9741,0.076,0.874,0.049
1674,0.2263,0.0,0.917,0.083
1675,-0.5574,0.057,0.904,0.039
1676,0.83,0.067,0.833,0.1
1677,0.9917,0.036,0.833,0.132
1678,-0.34,0.107,0.813,0.08
1679,0.4019,0.04,0.896,0.064
1680,0.9712,0.066,0.785,0.149
1681,0.9972,0.055,0.764,0.18
1682,0.1531,0.073,0.828,0.098
1683,0.7353,0.081,0.813,0.107
1685,-0.875,0.145,0.773,0.082
1686,0.3612,0.098,0.791,0.111
1688,0.9816,0.079,0.792,0.129
1689,0.886,0.064,0.809,0.127
1690,0.8769,0.014,0.888,0.098
1691,-0.9904,0.169,0.753,0.078
1692,0.9944,0.009,0.801,0.19
1694,-0.995,0.263,0.672,0.064
1695,-0.0258,0.103,0.82,0.077
1697,0.9673,0.119,0.724,0.156
1698,0.0258,0.149,0.694,0.157
1699,0.9999,0.021,0.765,0.214
1700,0.3818,0.127,0.719,0.153
1701,-0.9776,0.149,0.79,0.061
1705,0.936,0.101,0.724,0.176
1706,0.8484,0.118,0.736,0.146
1709,0.93,0.093,0.761,0.146
1710,0.5423,0.0,0.847,0.153
1711,0.9936,0.099,0.638,0.263
1713,-0.9432,0.16,0.77,0.07
1715,-0.9038,0.179,0.682,0.14
1717,-0.9903,0.17,0.741,0.088
1718,-0.91,0.092,0.864,0.044
1720,0.9852,0.097,0.766,0.137
1721,0.9914,0.109,0.726,0.165
1723,-0.5423,0.073,0.888,0.04
1724,-0.7184,0.097,0.83,0.074
1725,-0.9169,0.144,0.803,0.053
1731,0.9915,0.152,0.581,0.267
1732,-0.2732,0.045,0.955,0.0
1733,-0.9756,0.192,0.712,0.096
1734,0.5859,0.092,0.81,0.098
1735,-0.4019,0.092,0.822,0.086
1736,0.3182,0.042,0.899,0.059
1737,0.5432,0.081,0.83,0.089
1740,-0.3182,0.045,0.955,0.0
1741,-0.9794,0.225,0.729,0.046
1742,0.9952,0.049,0.792,0.16
1743,0.9381,0.079,0.804,0.117
1744,0.9578,0.023,0.738,0.239
1746,-0.9657,0.142,0.83,0.028
1747,0.9538,0.028,0.772,0.2
1748,0.9746,0.032,0.809,0.16
1749,-0.9834,0.186,0.722,0.093
1750,0.0258,0.098,0.8,0.102
1751,0.93,0.092,0.762,0.146
1752,0.7372,0.192,0.604,0.204
1754,0.9973,0.11,0.683,0.207
1755,0.6124,0.0,0.902,0.098
1756,-0.9786,0.229,0.688,0.084
1757,0.8934,0.029,0.851,0.12
1758,0.9584,0.034,0.776,0.19
1759,-0.6705,0.114,0.808,0.077
1762,0.4545,0.112,0.765,0.123
1765,0.9524,0.065,0.729,0.206
1767,-0.0685,0.204,0.58,0.216
1768,0.9682,0.009,0.881,0.11
1769,0.0258,0.098,0.8,0.102
1770,0.9186,0.073,0.797,0.13
1771,-0.7264,0.182,0.711,0.107
1773,0.991,0.083,0.758,0.158
1774,-0.9578,0.12,0.816,0.065
1775,0.9973,0.008,0.806,0.186
1776,0.7506,0.069,0.838,0.093
1777,0.9981,0.066,0.67,0.264
1779,0.9883,0.009,0.849,0.142
1780,0.9902,0.08,0.769,0.151
1781,0.9821,0.071,0.724,0.205
1782,-0.9674,0.167,0.756,0.077
1783,0.34,0.089,0.788,0.123
1784,0.8658,0.031,0.849,0.119
1786,0.743,0.088,0.787,0.125
1787,-0.6369,0.112,0.825,0.062
1788,0.9702,0.064,0.791,0.145
1789,0.9764,0.081,0.761,0.158
1790,-0.2023,0.123,0.788,0.09
1795,0.9718,0.06,0.822,0.118
1796,0.7893,0.078,0.818,0.105
1797,-0.9413,0.116,0.817,0.067
1799,0.25,0.049,0.88,0.071
1801,-0.9859,0.131,0.815,0.054
1802,0.2732,0.042,0.909,0.049
1803,0.8965,0.055,0.763,0.181
1804,0.6249,0.125,0.744,0.131
1806,0.8988,0.055,0.799,0.145
1807,0.9169,0.054,0.845,0.101
1808,-0.0258,0.152,0.724,0.124
1810,0.8658,0.0,0.869,0.131
1811,-0.6582,0.127,0.776,0.097
1812,0.9785,0.026,0.803,0.171
1813,0.4767,0.099,0.781,0.121
1815,0.7003,0.076,0.813,0.112
1816,0.5994,0.029,0.86,0.111
1817,-0.4654,0.12,0.772,0.108
1819,0.3744,0.083,0.827,0.09
1820,-0.759,0.157,0.705,0.138
1821,0.9432,0.023,0.899,0.078
1822,-0.9898,0.169,0.727,0.104
1823,0.9888,0.0,0.815,0.185
1824,0.9977,0.048,0.776,0.176
1827,-0.1531,0.141,0.769,0.09
1828,0.9442,0.02,0.895,0.085
1830,0.9786,0.032,0.807,0.161
1831,0.9883,0.09,0.716,0.194
1832,0.5106,0.0,0.915,0.085
1834,0.9796,0.07,0.81,0.12
1835,-0.7964,0.124,0.789,0.087
